0 0.520052 0.608154 0.042708 0.238770
0 0.895443 0.610107 0.076302 0.274902
0 0.837240 0.546631 0.015625 0.128418
0 0.822786 0.548584 0.012240 0.075684
0 0.807422 0.556152 0.013802 0.114258
0 0.189323 0.579590 0.028125 0.076172
0 0.099219 0.536865 0.019792 0.095215
0 0.085417 0.537598 0.009896 0.076172
0 0.693880 0.521973 0.009115 0.062500
0 0.130729 0.513184 0.011458 0.053711
0 0.747266 0.509033 0.004948 0.033691
0 0.113672 0.532471 0.011719 0.077637
0 0.360938 0.517334 0.013542 0.027832
0 0.733464 0.509277 0.006510 0.041016
0 0.387109 0.516113 0.012760 0.035156
0 0.247917 0.528564 0.010937 0.061035
0 0.268490 0.526855 0.010417 0.022461
0 0.224219 0.541260 0.027604 0.090332
0 0.460026 0.518799 0.009635 0.026855
0 0.311328 0.637451 0.126823 0.222168
0 0.265495 0.630127 0.051823 0.145996
0 0.643099 0.480469 0.202865 0.156250
0 0.158333 0.466064 0.232813 0.194824
0 0.186979 0.604492 0.017188 0.038086
0 0.187109 0.603760 0.016406 0.035645
2 0.257292 0.632080 0.024479 0.062012
