0 0.843490 0.581299 0.062500 0.311035
0 0.497786 0.547607 0.026302 0.149902
0 0.314323 0.565430 0.024479 0.115234
0 0.367839 0.538330 0.016927 0.097168
0 0.529557 0.532471 0.017448 0.112793
0 0.438151 0.547119 0.026823 0.128418
0 0.014974 0.518555 0.009115 0.059570
0 0.081771 0.513184 0.008854 0.050781
0 0.024089 0.517090 0.010677 0.058594
0 0.169792 0.521729 0.006250 0.038574
0 0.382812 0.523438 0.009375 0.055664
2 0.233333 0.514893 0.011458 0.011230
16 0.786979 0.717529 0.078646 0.063965
24 0.843620 0.570312 0.042969 0.160156
36 0.081510 0.536133 0.008333 0.010742
36 0.321094 0.580322 0.011458 0.026855
