0 0.847266 0.579590 0.054948 0.307617
0 0.305990 0.571289 0.028646 0.185547
0 0.369531 0.534668 0.010417 0.075195
0 0.561719 0.607666 0.038021 0.264160
0 0.982943 0.515381 0.012760 0.058105
0 0.994661 0.518066 0.008594 0.049805
0 0.083724 0.513672 0.009115 0.050781
0 0.520833 0.538818 0.018229 0.088379
0 0.233984 0.514648 0.012240 0.010742
0 0.930859 0.718994 0.057552 0.051270
2 0.560547 0.597412 0.037760 0.253418
16 0.227604 0.735596 0.032813 0.027832
20 0.852865 0.581543 0.047396 0.161133
23 0.484635 0.511475 0.045312 0.116699
