0 0.847396 0.579590 0.054688 0.306641
0 0.146615 0.598145 0.042708 0.258789
0 0.348307 0.580322 0.048177 0.179199
0 0.507292 0.544678 0.025000 0.111816
0 0.983333 0.515869 0.010937 0.056152
0 0.994661 0.517578 0.008594 0.049805
0 0.400521 0.597412 0.053125 0.241699
0 0.083724 0.513672 0.009115 0.050781
0 0.050911 0.512695 0.004948 0.023438
0 0.233203 0.514648 0.011198 0.010742
2 0.929948 0.718994 0.057813 0.050293
16 0.227604 0.735352 0.033333 0.028320
23 0.852865 0.577148 0.045833 0.151367
24 0.336328 0.656494 0.072135 0.170410
36 0.476953 0.512451 0.044531 0.115723
