0 0.849089 0.589600 0.070573 0.317871
0 0.501693 0.544189 0.021615 0.139160
0 0.349479 0.547363 0.013542 0.113281
0 0.381510 0.550781 0.013021 0.125000
0 0.528516 0.533203 0.015365 0.089844
0 0.401693 0.533447 0.015885 0.099121
0 0.014714 0.518799 0.009635 0.057129
0 0.434505 0.546143 0.022656 0.130371
0 0.024349 0.515869 0.011198 0.059082
0 0.091927 0.518555 0.006771 0.041992
0 0.082292 0.514404 0.008854 0.051270
0 0.233464 0.514893 0.011719 0.011230
2 0.785417 0.717773 0.074479 0.062500
16 0.227734 0.735840 0.033073 0.027344
23 0.841146 0.572021 0.049479 0.161621
