0 0.842969 0.580566 0.063542 0.313477
0 0.490885 0.551758 0.029167 0.160156
0 0.432031 0.533203 0.018229 0.105469
0 0.359505 0.547363 0.018490 0.104492
0 0.525911 0.534180 0.023177 0.113281
0 0.014193 0.519043 0.008594 0.056641
0 0.390495 0.543457 0.018490 0.107422
0 0.024219 0.516113 0.011458 0.059570
0 0.082031 0.513428 0.008854 0.049316
0 0.248047 0.515869 0.005469 0.028809
0 0.233333 0.514893 0.011458 0.011230
2 0.785026 0.725098 0.074219 0.048828
16 0.923958 0.714111 0.055729 0.056152
16 0.227474 0.735840 0.032552 0.027344
23 0.081510 0.536133 0.007812 0.010742
36 0.195312 0.509033 0.015625 0.036621
