0 0.871875 0.575928 0.045833 0.234863
0 0.972786 0.580811 0.029427 0.276855
0 0.688542 0.557129 0.039062 0.127930
0 0.925651 0.566406 0.028906 0.231445
0 0.950911 0.576172 0.014323 0.261719
0 0.279427 0.482910 0.024479 0.033203
2 0.087240 0.585205 0.091146 0.128418
8 0.414714 0.564697 0.079427 0.109863
8 0.256380 0.529785 0.070573 0.062500
8 0.329818 0.675293 0.076302 0.133789
8 0.510677 0.593018 0.061458 0.130371
8 0.704948 0.586670 0.172396 0.312012
8 0.838802 0.651611 0.094271 0.189941
8 0.733594 0.264404 0.058854 0.027832
8 0.916536 0.725830 0.074740 0.038574
8 0.778646 0.533447 0.034896 0.062012
