0 0.844271 0.581543 0.060937 0.308594
0 0.472786 0.584473 0.028906 0.249023
0 0.511068 0.539307 0.021615 0.100098
0 0.530078 0.535156 0.017448 0.108398
0 0.270573 0.547363 0.013542 0.109375
0 0.387760 0.528076 0.010417 0.065918
0 0.083724 0.513428 0.009635 0.049316
0 0.013281 0.517822 0.007812 0.056152
0 0.021484 0.514893 0.009635 0.057129
0 0.233594 0.514648 0.011979 0.010742
0 0.920052 0.711670 0.058854 0.060059
2 0.227604 0.735840 0.032813 0.027344
16 0.845573 0.569580 0.041667 0.158691
23 0.195182 0.508545 0.015885 0.035645
