0 0.843750 0.581787 0.061979 0.309082
0 0.344401 0.593506 0.037760 0.270996
0 0.510807 0.542969 0.019010 0.138672
0 0.429818 0.536133 0.021094 0.107422
0 0.382292 0.528564 0.009896 0.066895
0 0.267318 0.559814 0.023698 0.128418
0 0.008073 0.517822 0.008333 0.044434
0 0.305078 0.576904 0.026823 0.083496
0 0.083854 0.513184 0.009375 0.050781
0 0.233464 0.514648 0.011719 0.010742
2 0.920312 0.712646 0.058333 0.058105
16 0.227474 0.735840 0.032552 0.027344
23 0.840104 0.569092 0.048438 0.157715
24 0.364974 0.582275 0.019010 0.031738
36 0.329557 0.658936 0.057552 0.160645
37 0.195182 0.508545 0.015885 0.035645
