0 0.516276 0.601074 0.049740 0.257812
0 0.661849 0.569824 0.040885 0.207031
0 0.625391 0.556641 0.020052 0.129883
0 0.354167 0.596191 0.032292 0.239258
0 0.555729 0.592285 0.028125 0.215820
0 0.581901 0.574707 0.025781 0.164062
0 0.185677 0.610596 0.098437 0.275879
0 0.821875 0.578125 0.028125 0.178711
0 0.439974 0.566406 0.017969 0.133789
0 0.723958 0.554199 0.030729 0.166992
0 0.420573 0.565674 0.020833 0.095215
0 0.874089 0.551025 0.014323 0.059082
0 0.421094 0.568115 0.021875 0.101074
0 0.489844 0.653076 0.047917 0.098145
0 0.490104 0.650391 0.047396 0.094727
0 0.490104 0.656738 0.050000 0.149414
