0 0.954948 0.590576 0.034375 0.281738
0 0.880729 0.562012 0.046875 0.205078
0 0.693750 0.556396 0.028125 0.119629
0 0.279036 0.483398 0.025260 0.033203
0 0.472266 0.482910 0.027865 0.031250
0 0.413672 0.561768 0.077344 0.104004
2 0.088542 0.584717 0.093750 0.128418
2 0.329688 0.675049 0.076042 0.133301
8 0.510286 0.580078 0.062240 0.096680
8 0.272526 0.526123 0.104948 0.050293
8 0.838411 0.652832 0.093490 0.187500
8 0.914193 0.726562 0.072135 0.039062
8 0.838542 0.656738 0.093750 0.179688
8 0.698828 0.592041 0.018490 0.072754
8 0.872526 0.668945 0.030990 0.054688
