0 0.892318 0.587646 0.035156 0.265137
0 0.732812 0.513184 0.044792 0.116211
0 0.832812 0.535400 0.071875 0.229980
0 0.279297 0.482666 0.024740 0.033691
0 0.389974 0.558838 0.127865 0.097168
2 0.280469 0.483887 0.026562 0.031250
4 0.086458 0.584473 0.089583 0.124023
7 0.256380 0.530029 0.070573 0.063965
8 0.414453 0.564209 0.078906 0.108887
8 0.570443 0.642578 0.776302 0.146484
8 0.698698 0.406006 0.018750 0.174316
8 0.666406 0.665527 0.083333 0.157227
8 0.868880 0.671631 0.027865 0.057129
8 0.731510 0.265381 0.053125 0.029785
11 0.976042 0.583008 0.035937 0.083984
13 0.838281 0.666992 0.093229 0.158203
24 0.914714 0.730469 0.066406 0.032227
33 0.665885 0.665039 0.084375 0.158203
