0 0.848307 0.589844 0.070052 0.316406
0 0.026562 0.589600 0.030208 0.257324
0 0.429297 0.535400 0.020052 0.109863
0 0.510026 0.543701 0.020052 0.141113
0 0.381510 0.528320 0.010417 0.063477
0 0.993620 0.513916 0.009635 0.051270
0 0.007422 0.516846 0.007031 0.047363
0 0.083854 0.514160 0.009375 0.049805
0 0.049740 0.583984 0.016146 0.172852
0 0.202734 0.554199 0.011198 0.107422
0 0.531120 0.520996 0.015365 0.065430
0 0.233333 0.514648 0.011458 0.010742
2 0.049870 0.642578 0.016406 0.047852
16 0.920052 0.712158 0.058333 0.059082
16 0.844922 0.568604 0.041927 0.158691
16 0.435026 0.542725 0.007031 0.032715
