0 0.435547 0.599365 0.077865 0.298340
0 0.847526 0.579834 0.054427 0.306152
0 0.233984 0.572021 0.028385 0.187012
0 0.564583 0.604492 0.071875 0.284180
0 0.141927 0.565430 0.029687 0.168945
0 0.348698 0.557373 0.018750 0.125488
0 0.369010 0.534912 0.010417 0.076660
0 0.886589 0.547607 0.023698 0.153809
0 0.521094 0.544434 0.018229 0.111328
0 0.041146 0.514404 0.009896 0.042480
0 0.901172 0.501709 0.005469 0.036621
0 0.931250 0.720215 0.057813 0.048828
0 0.854167 0.580566 0.044792 0.160156
16 0.350000 0.608643 0.018229 0.025879
