0 0.858984 0.569092 0.031510 0.223145
0 0.921745 0.593506 0.072656 0.293457
0 0.692969 0.558350 0.029167 0.115723
0 0.101823 0.583496 0.006250 0.018555
0 0.279036 0.483154 0.025260 0.032715
2 0.279557 0.484375 0.026823 0.030273
7 0.411328 0.549805 0.072656 0.078125
8 0.088542 0.585205 0.093750 0.127441
8 0.329948 0.675293 0.076563 0.133789
8 0.510286 0.581299 0.062240 0.101074
8 0.130078 0.586670 0.010156 0.040527
8 0.255990 0.530762 0.071354 0.063477
8 0.350130 0.550537 0.049219 0.065918
8 0.838281 0.652344 0.093229 0.188477
8 0.818490 0.646484 0.220312 0.145508
8 0.977604 0.583740 0.038542 0.085449
8 0.914453 0.726318 0.072656 0.038574
8 0.542578 0.545898 0.024740 0.045898
