0 0.844271 0.581787 0.060937 0.308105
0 0.509115 0.545654 0.020833 0.146973
0 0.161719 0.559570 0.024479 0.136719
0 0.428125 0.537598 0.019271 0.115234
0 0.382682 0.529297 0.011198 0.064453
0 0.083594 0.514160 0.009375 0.050781
0 0.026172 0.521240 0.010156 0.056152
0 0.007552 0.518799 0.007812 0.049316
0 0.536979 0.533203 0.008854 0.102539
0 0.233333 0.514648 0.011458 0.010742
2 0.920443 0.712402 0.057552 0.058594
16 0.227474 0.735840 0.032552 0.027344
23 0.844922 0.568848 0.040365 0.156250
24 0.609635 0.689209 0.030208 0.061035
50 0.195312 0.508545 0.015625 0.035645
