0 0.840234 0.589111 0.060677 0.317871
0 0.449349 0.555908 0.017448 0.161621
0 0.014453 0.518066 0.008073 0.059570
0 0.394401 0.542480 0.017448 0.123047
0 0.277083 0.551025 0.022396 0.116699
0 0.360417 0.523682 0.008333 0.053223
0 0.082812 0.514160 0.009896 0.053711
0 0.233333 0.514648 0.011458 0.010742
0 0.279036 0.572021 0.024740 0.086426
2 0.462891 0.585938 0.009115 0.104492
3 0.919010 0.713135 0.055208 0.055176
10 0.227604 0.735840 0.032813 0.027344
21 0.082552 0.537354 0.008854 0.009277
23 0.195312 0.509277 0.015625 0.036133
